0.8929222
0.8292703
0.7775845
0.7398825
0.7155383
0.6974545
0.6824765
0.6699494
0.659191
0.6512643
0.6441219
0.6375338
0.6313257
0.6260408
0.6216065
0.6168154
0.6124951
0.6093693
0.6062645
0.6034874
0.6010716
0.5983023
0.5957539
0.5932187
0.5907594
0.5887873
0.5868081
0.5845219
0.5826662
0.5812459
0.5798153
0.5787129
0.5777515
0.5762859
0.5745064
0.5729421
0.5717178
0.5711773
0.5703402
0.5691839
0.5679021
0.5667436
0.565824
0.5648359
0.5635556
0.562504
0.5621553
0.562054
0.5616277
0.5607646
0.5595688
0.558545
0.5580998
0.5578451
0.557324
0.5565973
0.55583
0.555084
0.5543873
0.5537354
0.5531336
0.5526606
0.5523539
0.552015
0.5514699
0.5508813
0.5504458
0.5501613
0.5499692
0.549785
0.5495297
0.5491728
0.5487026
0.5481346
0.5475002
0.5468683
0.5463217
0.5459622
0.5458361
0.54575
0.5455042
0.545112
0.5446462
0.5442027
0.5438594
0.5435965
0.54337
0.5431483
0.5429491
0.5428027
0.5427139
0.5425855
0.5422953
0.5417712
0.5411428
0.5405904
0.540245
0.5400417
0.5398665
0.5396309
0.5393482
0.5390571
0.5387949
0.5385925
0.5384793
0.538462
0.5384566
0.5383564
0.538087
0.5377037
0.5372937
0.5369346
0.5366644
0.5365111
0.5364826
0.5365066
0.5364907
0.5363687
0.5361798
0.5359892
0.5358414
0.5356967
0.5354942
0.5351976
0.5348676
0.5345894
0.5344254
0.5343469
0.5343025
0.5342408
0.534121
0.5339449
0.533725
0.5334738
0.5332062
0.5329474
0.5327249
0.5325661
0.5324875
0.53246
0.5324434
0.5323974
0.5322912
0.5321308
0.5319316
0.5317092
0.5314794
0.531261
0.5310728
0.530934
0.5308534
0.5307988
0.5307277
0.5305975
0.5303847
0.5301417
0.5299398
0.5298504
0.5299168
0.5300696
0.5302116
0.5302455
0.5301058
0.5298547
0.5295867
0.5293958
0.5293473
0.5293901
0.529444
0.529429
0.5292879
0.5290557
0.5287906
0.5285504
0.5283933
0.528358
0.5284062
0.5284804
0.528523
0.5284765
0.5283024
0.528039
0.5277436
0.5274735
0.5272861
0.5272202
0.5272414
0.5272968
0.5273333
0.5272981
0.5271546
0.5269318
0.5266751
0.52643
0.5262417
0.5261438
0.5261227
0.5261527
0.5262083
