0.02199835
0.02150532
0.02101135
0.02051525
0.02001682
0.01951661
0.01901551
0.01851444
0.01801429
0.01751613
0.01702107
0.01653020
0.01604456
0.01556515
0.01509297
0.01462894
0.01417387
0.01372852
0.0132936
0.0128697
0.01245732
0.01205691
0.01166881
0.01129331
0.01093061
0.01058087
0.01024417
0.009920544
0.009609969
0.009312369
0.00902762
0.008755558
0.008495981
0.008248652
0.008013305
0.007789648
0.007577372
0.007376148
0.007185634
0.007005475
0.00683531
0.006674773
0.006523497
0.006381111
0.006247247
0.006121534
0.006003604
0.005893097
0.005789652
0.00569292
0.005602556
0.005518224
0.005439597
0.00536636
0.005298202
0.005234829
0.005175952
0.005121297
0.005070596
0.005023597
0.004980052
0.00493973
0.004902408
0.004867873
0.004835923
0.004806367
0.004779021
0.004753715
0.004730285
0.004708578
0.004688448
0.004669759
0.004652382
0.004636197
0.004621088
0.004606952
0.004593688
0.004581206
0.004569421
0.004558258
0.004547645
0.004537518
0.004527817
0.004518492
0.004509492
0.004500778
0.00449231
0.00448405
0.004475968
0.004468032
0.004460214
0.004452491
0.004444839
0.004437239
0.004429672
0.004422124
0.004414579
0.004407028
0.004399459
0.004391862
0.004384232
0.004376562
0.004368847
0.004361083
0.004353267
0.004345398
0.004337473
0.004329494
0.004321459
0.00431337
0.004305229
0.004297038
0.004288799
0.004280516
0.004272192
0.004263831
0.004255437
0.004247012
0.004238563
0.004230092
0.004221604
0.004213102
0.004204592
0.004196076
0.004187561
0.004179049
0.004170546
0.004162055
0.004153580
0.004145125
0.004136694
0.004128292
0.004119921
0.004111586
0.004103289
0.004095033
0.004086823
0.004078660
0.004070546
0.004062486
0.00405448
0.004046531
0.00403864
0.004030810
0.004023042
0.004015338
0.004007697
0.004000122
0.003992613
0.00398517
0.003977793
0.003970484
0.003963242
0.003956067
0.003948959
0.003941917
0.003934942
0.003928032
0.003921188
0.003914408
0.003907691
0.003901036
0.003894443
0.003887909
0.003881434
0.003875017
0.003868655
0.003862347
0.003856091
0.003849885
0.003843729
0.003837620
0.003831555
0.003825534
0.003819553
0.003813612
0.003807708
0.003801839
0.003796004
0.003790199
0.003784424
0.003778676
0.003772953
0.003767254
0.003761575
0.003755917
0.003750275
0.00374465
0.003739039
0.00373344
0.003727851
0.003722271
0.003716699
0.003711134
0.003705573
0.003700015
0.003694460
0.003688907
0.003683355
