0.2481884
0.1142807
0.06115987
0.05065675
0.0523048
0.0226688
0.01573379
0.02357863
0.02037791
0.01671562
0.01573652
0.01216908
0.0100469
0.009354104
0.01150152
0.01023179
0.007066054
0.008022328
0.007587782
0.0073833
0.007509342
0.005894276
0.00617799
0.006360463
0.005735084
0.005437001
0.005140652
0.005207632
0.004924975
0.004304945
0.004769655
0.004558416
0.004125142
0.004090227
0.004170345
0.003837321
0.003626775
0.003870152
0.003527893
0.003529751
0.003458951
0.003500580
0.003511261
0.003441779
0.003315493
0.00316399
0.003024460
0.002948254
0.002962916
0.0029866
0.002937757
0.002845417
0.002755884
0.002673990
0.002598293
0.002543749
0.002522498
0.002519038
0.002514662
0.00250549
0.002490141
0.002462408
0.002419382
0.002376172
0.002347856
0.002331381
0.002317826
0.002292933
0.002248483
0.00220574
0.002184733
0.002171066
0.002147426
0.002119276
0.002096043
0.00208024
0.00207045
0.002056455
0.002031157
0.002008751
0.002001692
0.001994205
0.001970194
0.001940514
0.001918822
0.001903031
0.001887119
0.001866621
0.001843302
0.001820487
0.001800929
0.0017851
0.001772901
0.001763816
0.001755664
0.001745849
0.001732675
0.001718061
0.001704826
0.001694995
0.001687417
0.001680146
0.001671563
0.001661366
0.001649582
0.001636515
0.001623589
0.001612508
0.001604352
0.001597711
0.001590550
0.001581369
0.001570787
0.001559956
0.001549693
0.001539473
0.001528437
0.001516137
0.001503769
0.001492937
0.001484827
0.001478943
0.001474370
0.001470249
0.001465941
0.001460866
0.001454563
0.001447050
0.001438468
0.001428955
0.001418772
0.001408658
0.001399474
0.001392079
0.001386962
0.001383116
0.001379162
0.001373719
0.001365881
0.001356618
0.001347375
0.001339594
0.001334278
0.001330663
0.001327546
0.001323722
0.001318321
0.001311798
0.001304942
0.001298540
0.001293148
0.001288389
0.001283653
0.001278332
0.001272062
0.001265461
0.001259396
0.001254730
0.001251983
0.001250279
0.001248398
0.001245117
0.001239604
0.001232579
0.001225151
0.001218430
0.001213230
0.001209191
0.001205659
0.001201979
0.001197651
0.001192798
0.001187696
0.001182623
0.001177854
0.001173597
0.001169771
0.001166226
0.001162812
0.001159378
0.001155808
0.001152124
0.001148383
0.001144642
0.001140958
0.001137362
0.001133789
0.001130147
0.001126345
0.001122292
0.001117943
0.001113434
0.001108949
0.001104672
0.001100784
0.001097414
0.001094474
0.001091821
0.001089310
