0.1322331
0.1258422
0.1193345
0.1127278
0.106148
0.09977843
0.09380552
0.08838042
0.08354614
0.07929011
0.07559515
0.07239749
0.06962582
0.06721669
0.06509241
0.06317619
0.06142132
0.05979556
0.05829449
0.05694507
0.05573819
0.05463019
0.05358304
0.05257548
0.05160312
0.05066041
0.04975267
0.04889777
0.04810509
0.04736662
0.0466637
0.04599637
0.04536736
0.04478415
0.04424373
0.04372846
0.0432264
0.04272007
0.04220754
0.0416869
0.04116019
0.0406401
0.04012216
0.03960738
0.03910151
0.03861774
0.03816797
0.03775148
0.03736734
0.03702625
0.03673491
0.03647237
0.03621629
0.03596654
0.03572826
0.03550527
0.03529761
0.03509128
0.03486984
0.03462094
0.03433765
0.03403043
0.03371211
0.0333873
0.0330595
0.03273592
0.0324244
0.03213143
0.03186246
0.03162008
0.0314059
0.03122026
0.03106129
0.03091926
0.03078273
0.03064121
0.03048683
0.03032109
0.0301478
0.02997033
0.02979126
0.02961021
0.0294285
0.02925693
0.02910564
0.02897269
0.02885308
0.02874285
0.02864205
0.02855177
0.02847134
0.0283931
0.02830763
0.02820806
0.02809765
0.02798218
0.02786529
0.0277421
0.02760554
0.02745044
0.02727908
0.02709563
0.02690399
0.02670715
0.02650785
0.02630908
0.02611482
0.0259293
0.02575669
0.02560094
0.02546595
0.02535444
0.02526423
0.02519196
0.02513341
0.02508092
0.02502599
0.02496133
0.02488453
0.02479439
0.02469202
0.0245878
0.02449437
0.02442171
0.02436886
0.02433218
0.02430744
0.02428806
0.0242669
0.02423683
0.02419101
0.02412384
0.02403003
0.02390429
0.02374435
0.02356001
0.02336408
0.0231694
0.02298643
0.02281634
0.02265793
0.02251004
0.02237196
0.02224494
0.02213073
0.02203106
0.02194733
0.02187948
0.02182715
0.02178994
0.02176659
0.02175234
0.02174156
0.02172862
0.02170908
0.02168324
0.0216526
0.02161866
0.02158232
0.02154216
0.02149618
0.02144238
0.021379
0.0213054
0.02122118
0.02112596
0.02102011
0.02090715
0.02079136
0.02067704
0.02056754
0.02046256
0.02036089
0.02026128
0.02016252
0.02006436
0.0199704
0.01988523
0.01981343
0.01975959
0.01972706
0.01971421
0.01971819
0.01973615
0.01976524
0.01980225
0.01984259
0.01988133
0.01991353
0.01993424
0.01993955
0.01992955
0.01990536
0.01986809
0.01981885
0.01975901
0.01969103
0.01961763
0.01954151
