0.202263
0.0808124
0.02240132
0.01395472
0.01312032
0.01375292
0.01147372
0.01094997
0.01018697
0.009335907
0.009378802
0.008833916
0.008705724
0.008381854
0.007796876
0.007436737
0.00720497
0.007157485
0.006739272
0.006649967
0.0066755
0.00657892
0.006133176
0.006108427
0.005838008
0.00571645
0.005587035
0.005605085
0.005516084
0.005489228
0.005272092
0.00540834
0.004986234
0.005106309
0.005076404
0.004999869
0.004750098
0.004904416
0.004780185
0.004499543
0.004642703
0.004688297
0.00461966
0.004520355
0.004428773
0.004327697
0.004200426
0.004087924
0.004036572
0.004056756
0.004134846
0.004197148
0.004179396
0.0041151
0.004050635
0.003986062
0.003915679
0.003857053
0.003828981
0.003831912
0.003851679
0.003834005
0.003739094
0.003625207
0.003560050
0.003551073
0.003580426
0.003589303
0.003533139
0.003465271
0.003444138
0.003450683
0.003451919
0.003436629
0.003402167
0.003358401
0.003319674
0.003305736
0.003324807
0.003333579
0.003293742
0.003238502
0.003205397
0.00317779
0.003133955
0.003086006
0.003054512
0.003053419
0.003070169
0.003085576
0.003085858
0.003078838
0.003077742
0.003090667
0.003105190
0.003103762
0.003074234
0.003026062
0.002974108
0.002930807
0.002898909
0.002878741
0.002868765
0.002859982
0.002841526
0.002807271
0.002770046
0.002747417
0.002750513
0.002764707
0.002768935
0.002748826
0.00271679
0.00269193
0.00268821
0.002699037
0.002712677
0.002719579
0.002718915
0.00271204
0.002700390
0.002685727
0.002669898
0.002654294
0.002638490
0.00262161
0.002603311
0.002585394
0.002570193
0.002560045
0.002556228
0.002555795
0.002554741
0.002549061
0.002536163
0.002519106
0.002502358
0.002490391
0.002486411
0.002488569
0.002493756
0.002498858
0.002500914
0.002497563
0.002486591
0.002465787
0.002434565
0.002398853
0.002366203
0.002344170
0.002337966
0.00234344
0.002354098
0.002363448
0.002366377
0.002363292
0.002355983
0.002346238
0.002335681
0.002325278
0.002315828
0.002308132
0.002302373
0.002296260
0.002286884
0.002271334
0.002248227
0.002222282
0.002199743
0.002186855
0.002187948
0.002199698
0.002216868
0.002234220
0.002246518
0.002249835
0.002245492
0.002236121
0.002224356
0.002212828
0.002203499
0.002195645
0.002187870
0.002178780
0.002166978
0.002151641
0.002134229
0.002116773
0.002101305
0.002089855
0.002083777
0.002081711
0.002081621
0.002081468
0.002079216
0.002073339
0.002064359
0.002053311
0.002041229
