0.05133503
0.02476182
0.02705163
0.02883381
0.02795288
0.02862454
0.02900359
0.02897564
0.02919190
0.02936667
0.02977217
0.02962831
0.02985473
0.03004068
0.02989316
0.03002886
0.03007198
0.02999751
0.03017301
0.03006652
0.03029336
0.03045550
0.03031324
0.03041384
0.03044087
0.03040115
0.03044798
0.03042402
0.030526
0.03052029
0.03053619
0.03048233
0.03062017
0.03053006
0.03072369
0.03053526
0.03062598
0.03058692
0.03061786
0.03060419
0.03068589
0.03059211
0.03062914
0.03072452
0.03070852
0.03063439
0.03059420
0.03061244
0.03068518
0.03076267
0.03079704
0.03079370
0.03077681
0.03079208
0.0308619
0.03089377
0.03081166
0.03072030
0.03072642
0.03076395
0.03075367
0.03073663
0.03076069
0.03078062
0.03075097
0.03071837
0.03073309
0.03076780
0.03078766
0.03080524
0.03083521
0.03085321
0.03083619
0.03080556
0.0307876
0.03078387
0.03079038
0.03080582
0.03082717
0.03084192
0.03084031
0.03083297
0.03083315
0.03084397
0.03086402
0.0308837
0.03089139
0.03088012
0.03086153
0.03085194
0.0308621
0.03088048
0.03089000
0.03087936
0.03086045
0.03085094
0.0308629
0.03088586
0.03090375
0.0309047
0.03089364
0.03087971
0.03087058
0.03086793
0.03087195
0.03088160
0.03089088
0.03089252
0.03088201
0.0308657
0.03085272
0.03085032
0.03085842
0.0308751
0.0308974
0.03091823
0.03092946
0.03092626
0.03091696
0.03091319
0.03092251
0.03093618
0.03094142
0.03092973
0.03090994
0.03089518
0.03089523
0.03090633
0.03092137
0.03093323
0.03093667
0.03093402
0.03092948
0.03092724
0.03093027
0.03093651
0.03094266
0.03094540
0.03094239
0.03093498
0.03092549
0.03091625
0.03090931
0.03090577
0.03090648
0.03091229
0.0309232
0.03093588
0.03094618
0.03094991
0.03094445
0.03093324
0.03092125
0.03091346
0.03091354
0.03091995
0.03092984
0.03094038
0.03094911
0.03095515
0.03095798
0.03095713
0.03095247
0.0309454
0.03093771
0.0309312
0.03092737
0.03092666
0.03092925
0.03093529
0.03094461
0.03095567
0.03096658
0.03097545
0.03098041
0.03098022
0.03097634
0.03097087
0.03096592
0.03096360
0.03096536
0.03096994
0.03097543
0.03097992
0.03098150
0.03097888
0.03097337
0.03096687
0.03096131
0.03095861
0.03096
0.03096397
0.03096832
0.03097082
0.03096927
0.0309621
0.03095023
0.03093524
0.03091869
